
E01 <- list()
E02 <- list()
E03A <- list()
E03B <- list()


E01$e8000 <- c(55167,55697,56747,53997,54967,54067,55317,55287,56767,57537)
E01$e8500 <- c(55637,56977,56607,54437,55427,54287,55757,55357,56877,57667)
E01$e9000 <- c(56437,56487,57097,56117,57097,54437,55117,55237,55927,57247)
E01$e9500 <- c(58237,57787,58267,56677,56737,55737,55277,56487,55977,56957)
E01$e10000 <- c(58957,58567,57347,60317,56497,55467,55837,56997,56587,58247)
E01$e10500 <- c(60007,58797,58277,60127,58527,56727,56117,57377,56207,59517)
E01$e11000 <- c(60597,58897,59347,60337,59717,57547,56607,57547,56987,59297)
E01$e11500 <- c(60307,58257,60687,60437,62387,57207,58647,58517,57817,58207)
E01$e12000 <- c(59997,59197,60427,60457,62467,56167,58277,57547,58677,57877)
E01$e12500 <- c(60207,58717,60957,59487,61477,56077,58417,57837,57997,56437)
E01$e13000 <- c(59897,58807,59767,59607,60007,55677,58097,57617,56907,56057)
E01$e13500 <- c(59597,58147,58327,58407,59627,55927,57157,57047,57377,56587)

E02$e8000 <- c(55507,56177,56347,56077,54807,53967,55407,55657,56987,55687)
E02$e8500 <- c(55947,55467,57237,56967,54927,55447,55697,56217,57097,55767)
E02$e9000 <- c(56057,56017,58167,56167,55847,54737,56557,57327,58547,56577)
E02$e9500 <- c(56317,56967,58337,57057,55847,55117,55957,56977,58267,56257)
E02$e10000 <- c(58477,56707,58047,58717,58267,56127,55577,58157,58237,55347)
E02$e10500 <- c(58017,57707,57847,58177,58447,57337,56947,59167,57497,55497)
E02$e11000 <- c(57857,57087,58267,59057,57787,56957,57927,58787,57347,57397)
E02$e11500 <- c(57277,57497,58837,58867,57987,56707,57187,59667,58417,58597)
E02$e12000 <- c(56547,57237,58977,59307,58567,56757,58157,59577,58077,58477)
E02$e12500 <- c(57477,59029,58267,59307,59537,57767,58357,59297,57797,58867)
E02$e13000 <- c(58127,58747,58277,59247,60277,59197,58097,59067,58347,58937)
E02$e13500 <- c(57307,58927,58417,59307,59627,58377,57837,58027,58827,58157)

E03A$e8000 <- c(53797,53337,54247,55847,53887,55737,56817,54677,56197,56817)
E03A$e8500 <- c(54507,53807,53987,55487,54067,56047,55647,54597,55027,56817)
E03A$e9000 <- c(55377,53627,54467,56047,53837,55277,55727,56301,56387,56827)
E03A$e9500 <- c(55517,55887,56277,56887,54077,56107,56257,55097,56067,55987)
E03A$e10000 <- c(56037,57457,57347,57107,55327,56577,56587,55347,56077,56097)
E03A$e10500 <- c(56507,58397,57447,57287,56277,55807,56587,54767,57637,55857)
E03A$e11000 <- c(59027,58007,58217,57027,56717,56377,57177,55317,57937,56767)
E03A$e11500 <- c(58657,57647,57927,58097,56867,57307,56137,55017,57317,56987)
E03A$e12000 <- c(58817,57447,58067,57387,56967,57337,55427,55817,56687,56337)
E03A$e12500 <- c(59657,57397,56867,57097,58627,57147,57147,55247,55667,55157)
E03A$e13000 <- c(59557,57857,57347,57117,58327,57017,56967,56617,55017,55027)
E03A$e13500 <- c(58367,58007,56367,56797,57167,56017,56237,56247,55187,55197)

E03B$e8000 <- c(57817,59267,58747,55157,56677,60187,56097,58837,58677,57227)
E03B$e8500 <- c(57037,59737,58917,57587,56687,61417,58137,58837,59617,57517)
E03B$e9000 <- c(57067,58987,60167,58527,57227,61167,59037,59337,59527,59187)
E03B$e9500 <- c(58417,60407,59637,59867,58587,61277,59737,60837,58831,60437)
E03B$e10000 <- c(59027,59407,59397,59307,58717,61647,60447,60487,60757,59387)
E03B$e10500 <- c(59467,59807,60737,59887,59057,60507,61287,59667,60037,58597)
E03B$e11000 <- c(59057,58397,60877,59377,59137,61817,60547,60087,60977,58827)
E03B$e11500 <- c(57657,58547,59587,59447,58497,61097,61027,60257,61127,59297)
E03B$e12000 <- c(57987,57847,59617,58867,57787,60387,59707,59227,59557,60287)
E03B$e12500 <- c(58107,57437,59777,58217,58967,59267,59817,59257,58427,59877)
E03B$e13000 <- c(56907,58297,58727,57077,57817,58947,59437,58277,58277,58907)
E03B$e13500 <- c(56777,57887,57957,56427,57577,58767,58467,57517,57487,58127)

E01P <- c(55555,55903,56120,56814,57482,58168,58688,59247,59109,58761,58244,57820)
          
E02P <- c(55662,56077,56600,56710,57366,57664,57847,58104,58168,58570.2,58481,58832)
E03AP <- c(55136,54999,55387.4,55816,56396,56657,57257,57196,57029,57001,57085,56559)
E03BP <- c(57869,58549,59023,59803,59858,59905,59910,59654,59127,58915,58267,57699)

estimulos <- c("e8000","e8500","e9000","e9500","e10000","e10500","e11000",
              "e11500","e12000","e12500","e13000","e13500" )
result <- list()

for (estimulo in estimulos){
  print(estimulo)
  res <- wilcox.test(E01[[estimulo]], E03B[[estimulo]], alternative = "two.sided")
  result[estimulo] <-  res$p.value
}

options(scipen = 100, digits = 8)

df <- data.frame(result)
df_transpose <- data.frame(t(df[-1]))
df_transpose$Estimulo <- rownames(df_transpose)

names(df_transpose) <- c("wilcoxon","Estimulos")

# Guardar en Excel
library(writexl)
filename <- "wilcox_E01_E03B_by_estim.xlsx"
write_xlsx(df_transpose, 
           paste0("G:/Mi unidad/Austral - Ciencia de datos/Laboratorio 1/exp-colab/wilcoxon/",filename))
           

prom_E01_E03B <- wilcox.test(E01P, E03AB, alternative = "two.sided")
prom_E01_E03B

E01T <- c(E01$e8000,E01$e8500,E01$e9000,E01$e9500,E01$e10000,E01$e10500,E01$e11000,E01$e11500,
          E01$e12000,E01$e12500,E01$e13000,E01$e13500)
E02T <- c(E02$e8000,E02$e8500,E02$e9000,E02$e9500,E02$e10000,E02$e10500,E02$e11000,E02$e11500,
          E02$e12000,E02$e12500,E02$e13000,E02$e13500)
E03AT <- c(E03A$e8000,E03A$e8500,E03A$e9000,E03A$e9500,E03A$e10000,E03A$e10500,E03A$e11000,E03A$e11500,
          E03A$e12000,E03A$e12500,E03A$e13000,E03A$e13500)
E03BT <- c(E03B$e8000,E03B$e8500,E03B$e9000,E03B$e9500,E03B$e10000,E03B$e10500,E03B$e11000,E03B$e11500,
          E03B$e12000,E03B$e12500,E03B$e13000,E03B$e13500)

wilcox.test(E01T, E03AT, alternative = "two.sided")
